Movimiento1:
2211122
2210122
1110111
1111111
1111111
2211122
2211122

Movimiento2:
2211122
2210122
1001111
1111111
1111111
2211122
2211122

Movimiento3:
2201122
2200122
1011111
1111111
1111111
2211122
2211122

Movimiento4:
2210022
2200122
1011111
1111111
1111111
2211122
2211122

Movimiento5:
2210022
2200122
1100111
1111111
1111111
2211122
2211122

Movimiento6:
2210022
2200122
0010111
1111111
1111111
2211122
2211122

Movimiento7:
2210122
2200022
0010011
1111111
1111111
2211122
2211122

Movimiento8:
2210122
2200022
0010100
1111111
1111111
2211122
2211122

Movimiento9:
2210122
2210022
0000100
1101111
1111111
2211122
2211122

Movimiento10:
2200122
2200022
0010100
1101111
1111111
2211122
2211122

Movimiento11:
2200122
2200022
0010100
0011111
1111111
2211122
2211122

Movimiento12:
2200122
2210022
0000100
0001111
1111111
2211122
2211122

Movimiento13:
2200122
2210122
0000000
0001011
1111111
2211122
2211122

Movimiento14:
2200022
2210022
0000100
0001011
1111111
2211122
2211122

Movimiento15:
2200022
2210022
0000100
0001100
1111111
2211122
2211122

Movimiento16:
2200022
2210122
0000000
0001000
1111111
2211122
2211122

Movimiento17:
2200022
2210122
0000000
0011000
1101111
2201122
2211122

Movimiento18:
2200022
2210122
0000000
0011000
0011111
2201122
2211122

Movimiento19:
2200022
2210122
0010000
0001000
0001111
2201122
2211122

Movimiento20:
2200022
2200122
0000000
0011000
0001111
2201122
2211122

Movimiento21:
2200022
2200122
0000000
0000100
0001111
2201122
2211122

Movimiento22:
2200022
2200122
0000100
0000000
0001011
2201122
2211122

Movimiento23:
2200022
2200022
0000000
0000100
0001011
2201122
2211122

Movimiento24:
2200022
2200022
0000000
0000100
0001100
2201122
2211122

Movimiento25:
2200022
2200022
0000000
0000100
0000010
2201122
2211122

Movimiento26:
2200022
2200022
0000000
0000100
0000110
2201022
2211022

Movimiento27:
2200022
2200022
0000000
0000000
0000010
2201122
2211022

Movimiento28:
2200022
2200022
0000000
0000000
0000010
2201122
2200122

Movimiento29:
2200022
2200022
0000000
0000000
0000110
2201022
2200022

Movimiento30:
2200022
2200022
0000000
0000000
0001000
2201022
2200022

Movimiento31:
2200022
2200022
0000000
0001000
0000000
2200022
2200022


